4.249999999999997335e+00 2.249999999999996003e+00 0.000000000000000000e+00
4.249876640091430069e+00 2.257852689769527910e+00 0.000000000000000000e+00
4.249506682107065281e+00 2.265697629882323927e+00 0.000000000000000000e+00
4.248890491150767446e+00 2.273527078329623752e+00 0.000000000000000000e+00
4.248028675328616721e+00 2.281333308391071402e+00 0.000000000000000000e+00
4.246922085148781889e+00 2.289108616260052909e+00 0.000000000000000000e+00
4.245571812682169544e+00 2.296845328646426321e+00 0.000000000000000000e+00
4.243979190484684416e+00 2.304535810349130465e+00 0.000000000000000000e+00
4.242145790282155104e+00 2.312172471791208217e+00 0.000000000000000000e+00
4.240073421419233490e+00 2.319747776509801795e+00 0.000000000000000000e+00
4.237764129073785746e+00 2.327254248593730868e+00 0.000000000000000000e+00
4.235220192238553949e+00 2.334684480061317124e+00 0.000000000000000000e+00
4.232444121472060061e+00 2.342031138171163374e+00 0.000000000000000000e+00
4.229438656420993148e+00 2.349286972658688910e+00 0.000000000000000000e+00
4.226206763116502785e+00 2.356444822891262003e+00 0.000000000000000000e+00
4.222751631047089838e+00 2.363497624934880026e+00 0.000000000000000000e+00
4.219076670010964314e+00 2.370438418525421920e+00 0.000000000000000000e+00
4.215185506750984246e+00 2.377260353937586057e+00 0.000000000000000000e+00
4.211081981375501826e+00 2.383956698744742031e+00 0.000000000000000000e+00
4.206770143568638431e+00 2.390520844463025263e+00 0.000000000000000000e+00
4.202254248593734864e+00 2.396946313073111234e+00 0.000000000000000000e+00
4.197538753093921216e+00 2.403226763413236711e+00 0.000000000000000000e+00
4.192628310693946148e+00 2.409355997437164998e+00 0.000000000000000000e+00
4.187527767407613233e+00 2.415327966330905074e+00 0.000000000000000000e+00
4.182242156855351389e+00 2.421136776482164077e+00 0.000000000000000000e+00
4.176776695296635644e+00 2.426776695296628983e+00 0.000000000000000000e+00
4.171136776482170738e+00 2.432242156855344728e+00 0.000000000000000000e+00
4.165327966330911735e+00 2.437527767407606571e+00 0.000000000000000000e+00
4.159355997437171659e+00 2.442628310693939042e+00 0.000000000000000000e+00
4.153226763413243816e+00 2.447538753093914110e+00 0.000000000000000000e+00
4.146946313073118340e+00 2.452254248593728203e+00 0.000000000000000000e+00
4.140520844463032368e+00 2.456770143568631770e+00 0.000000000000000000e+00
4.133956698744748692e+00 2.461081981375495165e+00 0.000000000000000000e+00
4.127260353937592718e+00 2.465185506750977140e+00 0.000000000000000000e+00
4.120438418525428581e+00 2.469076670010957208e+00 0.000000000000000000e+00
4.113497624934886687e+00 2.472751631047083176e+00 0.000000000000000000e+00
4.106444822891268664e+00 2.476206763116495679e+00 0.000000000000000000e+00
4.099286972658696016e+00 2.479438656420986042e+00 0.000000000000000000e+00
4.092031138171170035e+00 2.482444121472053844e+00 0.000000000000000000e+00
4.084684480061324230e+00 2.485220192238547288e+00 0.000000000000000000e+00
4.077254248593738417e+00 2.487764129073779085e+00 0.000000000000000000e+00
4.069747776509808901e+00 2.490073421419226385e+00 0.000000000000000000e+00
4.062172471791215322e+00 2.492145790282148443e+00 0.000000000000000000e+00
4.054535810349137570e+00 2.493979190484677311e+00 0.000000000000000000e+00
4.046845328646432982e+00 2.495571812682162882e+00 0.000000000000000000e+00
4.039108616260059570e+00 2.496922085148774784e+00 0.000000000000000000e+00
4.031333308391078063e+00 2.498028675328610060e+00 0.000000000000000000e+00
4.023527078329630413e+00 2.498890491150760340e+00 0.000000000000000000e+00
4.015697629882330588e+00 2.499506682107058175e+00 0.000000000000000000e+00
4.007852689769534571e+00 2.499876640091423408e+00 0.000000000000000000e+00
4.000000000000002665e+00 2.499999999999990230e+00 0.000000000000000000e+00
3.982147310230470971e+00 2.494876640091423514e+00 0.000000000000000000e+00
3.964302370117674723e+00 2.489506682107058388e+00 0.000000000000000000e+00
3.946472921670374223e+00 2.483890491150760660e+00 0.000000000000000000e+00
3.928666691608926786e+00 2.478028675328610042e+00 0.000000000000000000e+00
3.920891383739945280e+00 2.476922085148775210e+00 0.000000000000000000e+00
3.903154671353571636e+00 2.470571812682162527e+00 0.000000000000000000e+00
3.885464189650867262e+00 2.463979190484677506e+00 0.000000000000000000e+00
3.867827528208789278e+00 2.457145790282148745e+00 0.000000000000000000e+00
3.860252223490195700e+00 2.455073421419226687e+00 0.000000000000000000e+00
3.842745751406265953e+00 2.447764129073779493e+00 0.000000000000000000e+00
3.825315519938679909e+00 2.440220192238547359e+00 0.000000000000000000e+00
3.807968861828833429e+00 2.432444121472054022e+00 0.000000000000000000e+00
3.800713027341307892e+00 2.429438656420986664e+00 0.000000000000000000e+00
3.783555177108734568e+00 2.421206763116496408e+00 0.000000000000000000e+00
3.766502375065116315e+00 2.412751631047083567e+00 0.000000000000000000e+00
3.749561581474573746e+00 2.404076670010957706e+00 0.000000000000000000e+00
3.742739646062410053e+00 2.400185506750977638e+00 0.000000000000000000e+00
3.726043301255253404e+00 2.391081981375495769e+00 0.000000000000000000e+00
3.709479155536969941e+00 2.381770143568632481e+00 0.000000000000000000e+00
3.703053686926884414e+00 2.377254248593729358e+00 0.000000000000000000e+00
3.686773236586758706e+00 2.367538753093915371e+00 0.000000000000000000e+00
3.680644002562830419e+00 2.362628310693940303e+00 0.000000000000000000e+00
3.664672033669089668e+00 2.352527767407607939e+00 0.000000000000000000e+00
3.648863223517830434e+00 2.342242156855346202e+00 0.000000000000000000e+00
3.643223304703365972e+00 2.336776695296630457e+00 0.000000000000000000e+00
3.627757843144649996e+00 2.326136776482166102e+00 0.000000000000000000e+00
3.622472232592387709e+00 2.320327966330907099e+00 0.000000000000000000e+00
3.607371689306055451e+00 2.309355997437167130e+00 0.000000000000000000e+00
3.602461246906079939e+00 2.303226763413238842e+00 0.000000000000000000e+00
3.587745751406266059e+00 2.291946313073113028e+00 0.000000000000000000e+00
3.583229856431362048e+00 2.285520844463027501e+00 0.000000000000000000e+00
3.568918018624498867e+00 2.273956698744744376e+00 0.000000000000000000e+00
3.564814493249016891e+00 2.267260353937588402e+00 0.000000000000000000e+00
3.560923329989036823e+00 2.260438418525424265e+00 0.000000000000000000e+00
3.547248368952910624e+00 2.248497624934882477e+00 0.000000000000000000e+00
3.543793236883497677e+00 2.241444822891264010e+00 0.000000000000000000e+00
3.540561343579007314e+00 2.234286972658691361e+00 0.000000000000000000e+00
3.527555878527939726e+00 2.222031138171165932e+00 0.000000000000000000e+00
3.524779807761446282e+00 2.214684480061319238e+00 0.000000000000000000e+00
3.522235870926214485e+00 2.207254248593733870e+00 0.000000000000000000e+00
3.509926578580766954e+00 2.194747776509804460e+00 0.000000000000000000e+00
3.507854209717844896e+00 2.187172471791210882e+00 0.000000000000000000e+00
3.506020809515316028e+00 2.179535810349133129e+00 0.000000000000000000e+00
3.504428187317830456e+00 2.171845328646428541e+00 0.000000000000000000e+00
3.503077914851218111e+00 2.164108616260055573e+00 0.000000000000000000e+00
3.501971324671383279e+00 2.156333308391074066e+00 0.000000000000000000e+00
3.501109508849232554e+00 2.148527078329626860e+00 0.000000000000000000e+00
3.500493317892934719e+00 2.140697629882326591e+00 0.000000000000000000e+00
3.500123359908569931e+00 2.132852689769530574e+00 0.000000000000000000e+00
3.500000000000002665e+00 2.124999999999998668e+00 0.000000000000000000e+00
3.500123359908569931e+00 2.117147310230466761e+00 0.000000000000000000e+00
3.500493317892934719e+00 2.109302370117670744e+00 0.000000000000000000e+00
3.501109508849232554e+00 2.101472921670370475e+00 0.000000000000000000e+00
3.501971324671383279e+00 2.093666691608923269e+00 0.000000000000000000e+00
3.503077914851218111e+00 2.085891383739941762e+00 0.000000000000000000e+00
3.504428187317830456e+00 2.078154671353568350e+00 0.000000000000000000e+00
3.506020809515316028e+00 2.070464189650864206e+00 0.000000000000000000e+00
3.507854209717844896e+00 2.062827528208786010e+00 0.000000000000000000e+00
3.509926578580766954e+00 2.055252223490192875e+00 0.000000000000000000e+00
3.522235870926214485e+00 2.052745751406263253e+00 0.000000000000000000e+00
3.524779807761446282e+00 2.045315519938677440e+00 0.000000000000000000e+00
3.527555878527939726e+00 2.037968861828831191e+00 0.000000000000000000e+00
3.540561343579007314e+00 2.035713027341305548e+00 0.000000000000000000e+00
3.543793236883497677e+00 2.028555177108732455e+00 0.000000000000000000e+00
3.547248368952910624e+00 2.021502375065113988e+00 0.000000000000000000e+00
3.560923329989036823e+00 2.019561581474572431e+00 0.000000000000000000e+00
3.564814493249016891e+00 2.012739646062408294e+00 0.000000000000000000e+00
3.568918018624498867e+00 2.006043301255252320e+00 0.000000000000000000e+00
3.583229856431362048e+00 2.004479155536968538e+00 0.000000000000000000e+00
3.587745751406266059e+00 1.998053686926883232e+00 0.000000000000000000e+00
3.602461246906079939e+00 1.996773236586757427e+00 0.000000000000000000e+00
3.607371689306055451e+00 1.990644002562828918e+00 0.000000000000000000e+00
3.622472232592387709e+00 1.989672033669088513e+00 0.000000000000000000e+00
3.627757843144649996e+00 1.983863223517829288e+00 0.000000000000000000e+00
3.643223304703365972e+00 1.983223304703364498e+00 0.000000000000000000e+00
3.648863223517830434e+00 1.977757843144648531e+00 0.000000000000000000e+00
3.664672033669089668e+00 1.977472232592386581e+00 0.000000000000000000e+00
3.680644002562830419e+00 1.977371689306054003e+00 0.000000000000000000e+00
3.686773236586758706e+00 1.972461246906078713e+00 0.000000000000000000e+00
3.703053686926884414e+00 1.972745751406264514e+00 0.000000000000000000e+00
3.709479155536969941e+00 1.968229856431360947e+00 0.000000000000000000e+00
3.726043301255253848e+00 1.968918018624497668e+00 0.000000000000000000e+00
3.742739646062410053e+00 1.969814493249015586e+00 0.000000000000000000e+00
3.749561581474574190e+00 1.965923329989035517e+00 0.000000000000000000e+00
3.766502375065115871e+00 1.967248368952909443e+00 0.000000000000000000e+00
3.783555177108734568e+00 1.968793236883496389e+00 0.000000000000000000e+00
3.800713027341307892e+00 1.970561343579006142e+00 0.000000000000000000e+00
3.807968861828833429e+00 1.967555878527938562e+00 0.000000000000000000e+00
3.825315519938679909e+00 1.969779807761445012e+00 0.000000000000000000e+00
3.842745751406265953e+00 1.972235870926213108e+00 0.000000000000000000e+00
3.860252223490195256e+00 1.974926578580765701e+00 0.000000000000000000e+00
3.867827528208788834e+00 1.972854209717843643e+00 0.000000000000000000e+00
3.885464189650867262e+00 1.976020809515314669e+00 0.000000000000000000e+00
3.903154671353571636e+00 1.979428187317829213e+00 0.000000000000000000e+00
3.920891383739945280e+00 1.983077914851216983e+00 0.000000000000000000e+00
3.928666691608926786e+00 1.981971324671381929e+00 0.000000000000000000e+00
3.946472921670374223e+00 1.986109508849231542e+00 0.000000000000000000e+00
3.964302370117674723e+00 1.990493317892933600e+00 0.000000000000000000e+00
3.982147310230470971e+00 1.995123359908568483e+00 0.000000000000000000e+00
4.000000000000002665e+00 2.000000000000001332e+00 0.000000000000000000e+00
4.007852689769534571e+00 2.000123359908568599e+00 0.000000000000000000e+00
4.015697629882330588e+00 2.000493317892933387e+00 0.000000000000000000e+00
4.023527078329631301e+00 2.001109508849231222e+00 0.000000000000000000e+00
4.031333308391078063e+00 2.001971324671381947e+00 0.000000000000000000e+00
4.039108616260059570e+00 2.003077914851216779e+00 0.000000000000000000e+00
4.046845328646432982e+00 2.004428187317829124e+00 0.000000000000000000e+00
4.054535810349137570e+00 2.006020809515314252e+00 0.000000000000000000e+00
4.062172471791215322e+00 2.007854209717843119e+00 0.000000000000000000e+00
4.069747776509808901e+00 2.009926578580765177e+00 0.000000000000000000e+00
4.077254248593738417e+00 2.012235870926212478e+00 0.000000000000000000e+00
4.084684480061324230e+00 2.014779807761444275e+00 0.000000000000000000e+00
4.092031138171170035e+00 2.017555878527937718e+00 0.000000000000000000e+00
4.099286972658696016e+00 2.020561343579005520e+00 0.000000000000000000e+00
4.106444822891268664e+00 2.023793236883495439e+00 0.000000000000000000e+00
4.113497624934886687e+00 2.027248368952908386e+00 0.000000000000000000e+00
4.120438418525428581e+00 2.030923329989034354e+00 0.000000000000000000e+00
4.127260353937592718e+00 2.034814493249014422e+00 0.000000000000000000e+00
4.133956698744748692e+00 2.038918018624496398e+00 0.000000000000000000e+00
4.140520844463032368e+00 2.043229856431359792e+00 0.000000000000000000e+00
4.146946313073117452e+00 2.047745751406263359e+00 0.000000000000000000e+00
4.153226763413243816e+00 2.052461246906077452e+00 0.000000000000000000e+00
4.159355997437171659e+00 2.057371689306052520e+00 0.000000000000000000e+00
4.165327966330911735e+00 2.062472232592384991e+00 0.000000000000000000e+00
4.171136776482170738e+00 2.067757843144646834e+00 0.000000000000000000e+00
4.176776695296635644e+00 2.073223304703362579e+00 0.000000000000000000e+00
4.182242156855351389e+00 2.078863223517827485e+00 0.000000000000000000e+00
4.187527767407613233e+00 2.084672033669086488e+00 0.000000000000000000e+00
4.192628310693946148e+00 2.090644002562827009e+00 0.000000000000000000e+00
4.197538753093921216e+00 2.096773236586755296e+00 0.000000000000000000e+00
4.202254248593734864e+00 2.103053686926880772e+00 0.000000000000000000e+00
4.206770143568638431e+00 2.109479155536966299e+00 0.000000000000000000e+00
4.211081981375501826e+00 2.116043301255249531e+00 0.000000000000000000e+00
4.215185506750984246e+00 2.122739646062405949e+00 0.000000000000000000e+00
4.219076670010964314e+00 2.129561581474569643e+00 0.000000000000000000e+00
4.222751631047089838e+00 2.136502375065111536e+00 0.000000000000000000e+00
4.226206763116502785e+00 2.143555177108730003e+00 0.000000000000000000e+00
4.229438656420993148e+00 2.150713027341303096e+00 0.000000000000000000e+00
4.232444121472060061e+00 2.157968861828828633e+00 0.000000000000000000e+00
4.235220192238553949e+00 2.165315519938674882e+00 0.000000000000000000e+00
4.237764129073785746e+00 2.172745751406260695e+00 0.000000000000000000e+00
4.240073421419233490e+00 2.180252223490190211e+00 0.000000000000000000e+00
4.242145790282155104e+00 2.187827528208783345e+00 0.000000000000000000e+00
4.243979190484684416e+00 2.195464189650861098e+00 0.000000000000000000e+00
4.245571812682169544e+00 2.203154671353565686e+00 0.000000000000000000e+00
4.246922085148781889e+00 2.210891383739939098e+00 0.000000000000000000e+00
4.248028675328616721e+00 2.218666691608920605e+00 0.000000000000000000e+00
4.248890491150767446e+00 2.226472921670367811e+00 0.000000000000000000e+00
4.249506682107065281e+00 2.234302370117668080e+00 0.000000000000000000e+00
4.249876640091430069e+00 2.242147310230464097e+00 0.000000000000000000e+00
