4.749999999999986677e+00 2.499999999999990674e+00 0.000000000000000000e+00
4.749876640091419411e+00 2.507852689769522581e+00 0.000000000000000000e+00
4.749506682107054623e+00 2.515697629882318598e+00 0.000000000000000000e+00
4.748890491150756787e+00 2.523527078329618423e+00 0.000000000000000000e+00
4.748028675328606063e+00 2.531333308391066073e+00 0.000000000000000000e+00
4.746922085148771231e+00 2.539108616260047580e+00 0.000000000000000000e+00
4.745571812682158885e+00 2.546845328646420992e+00 0.000000000000000000e+00
4.743979190484673758e+00 2.554535810349125136e+00 0.000000000000000000e+00
4.742145790282144446e+00 2.562172471791202888e+00 0.000000000000000000e+00
4.740073421419222832e+00 2.569747776509796466e+00 0.000000000000000000e+00
4.737764129073775088e+00 2.577254248593725539e+00 0.000000000000000000e+00
4.735220192238543291e+00 2.584684480061311795e+00 0.000000000000000000e+00
4.732444121472049403e+00 2.592031138171158045e+00 0.000000000000000000e+00
4.729438656420982490e+00 2.599286972658683581e+00 0.000000000000000000e+00
4.726206763116492127e+00 2.606444822891256674e+00 0.000000000000000000e+00
4.722751631047079179e+00 2.613497624934874697e+00 0.000000000000000000e+00
4.719076670010953656e+00 2.620438418525416591e+00 0.000000000000000000e+00
4.715185506750973587e+00 2.627260353937580728e+00 0.000000000000000000e+00
4.711081981375491168e+00 2.633956698744736702e+00 0.000000000000000000e+00
4.706770143568627773e+00 2.640520844463019934e+00 0.000000000000000000e+00
4.702254248593724206e+00 2.646946313073105905e+00 0.000000000000000000e+00
4.697538753093910557e+00 2.653226763413231382e+00 0.000000000000000000e+00
4.692628310693935489e+00 2.659355997437159669e+00 0.000000000000000000e+00
4.687527767407602575e+00 2.665327966330899745e+00 0.000000000000000000e+00
4.682242156855340731e+00 2.671136776482158748e+00 0.000000000000000000e+00
4.676776695296624986e+00 2.676776695296623654e+00 0.000000000000000000e+00
4.671136776482160080e+00 2.682242156855339399e+00 0.000000000000000000e+00
4.665327966330901077e+00 2.687527767407601242e+00 0.000000000000000000e+00
4.659355997437161001e+00 2.692628310693933713e+00 0.000000000000000000e+00
4.653226763413233158e+00 2.697538753093908781e+00 0.000000000000000000e+00
4.646946313073107682e+00 2.702254248593722874e+00 0.000000000000000000e+00
4.640520844463021710e+00 2.706770143568626441e+00 0.000000000000000000e+00
4.633956698744738034e+00 2.711081981375489836e+00 0.000000000000000000e+00
4.627260353937582060e+00 2.715185506750971811e+00 0.000000000000000000e+00
4.620438418525417923e+00 2.719076670010951879e+00 0.000000000000000000e+00
4.613497624934876029e+00 2.722751631047077847e+00 0.000000000000000000e+00
4.606444822891258006e+00 2.726206763116490350e+00 0.000000000000000000e+00
4.599286972658685357e+00 2.729438656420980713e+00 0.000000000000000000e+00
4.592031138171159377e+00 2.732444121472048515e+00 0.000000000000000000e+00
4.584684480061313572e+00 2.735220192238541959e+00 0.000000000000000000e+00
4.577254248593727759e+00 2.737764129073773756e+00 0.000000000000000000e+00
4.569747776509798243e+00 2.740073421419221056e+00 0.000000000000000000e+00
4.562172471791204664e+00 2.742145790282143114e+00 0.000000000000000000e+00
4.554535810349126912e+00 2.743979190484671982e+00 0.000000000000000000e+00
4.546845328646422324e+00 2.745571812682157553e+00 0.000000000000000000e+00
4.539108616260048912e+00 2.746922085148769455e+00 0.000000000000000000e+00
4.531333308391067405e+00 2.748028675328604731e+00 0.000000000000000000e+00
4.523527078329619755e+00 2.748890491150755011e+00 0.000000000000000000e+00
4.515697629882319930e+00 2.749506682107052846e+00 0.000000000000000000e+00
4.507852689769523913e+00 2.749876640091418079e+00 0.000000000000000000e+00
4.499999999999992006e+00 2.749999999999984901e+00 0.000000000000000000e+00
4.492147310230460100e+00 2.749876640091418079e+00 0.000000000000000000e+00
4.484302370117664083e+00 2.749506682107052846e+00 0.000000000000000000e+00
4.476472921670364258e+00 2.748890491150755011e+00 0.000000000000000000e+00
4.468666691608916608e+00 2.748028675328604287e+00 0.000000000000000000e+00
4.460891383739935101e+00 2.746922085148769455e+00 0.000000000000000000e+00
4.453154671353561689e+00 2.745571812682156665e+00 0.000000000000000000e+00
4.445464189650857989e+00 2.743979190484671538e+00 0.000000000000000000e+00
4.437827528208780237e+00 2.742145790282142670e+00 0.000000000000000000e+00
4.430252223490186658e+00 2.740073421419220612e+00 0.000000000000000000e+00
4.422745751406257142e+00 2.737764129073773312e+00 0.000000000000000000e+00
4.415315519938671329e+00 2.735220192238541070e+00 0.000000000000000000e+00
4.407968861828824636e+00 2.732444121472047627e+00 0.000000000000000000e+00
4.400713027341299544e+00 2.729438656420980269e+00 0.000000000000000000e+00
4.393555177108726006e+00 2.726206763116489906e+00 0.000000000000000000e+00
4.386502375065107984e+00 2.722751631047076959e+00 0.000000000000000000e+00
4.379561581474566090e+00 2.719076670010950991e+00 0.000000000000000000e+00
4.372739646062401953e+00 2.715185506750970923e+00 0.000000000000000000e+00
4.366043301255245979e+00 2.711081981375488947e+00 0.000000000000000000e+00
4.359479155536962303e+00 2.706770143568625553e+00 0.000000000000000000e+00
4.353053686926877219e+00 2.702254248593722430e+00 0.000000000000000000e+00
4.346773236586751743e+00 2.697538753093908337e+00 0.000000000000000000e+00
4.340644002562823012e+00 2.692628310693933269e+00 0.000000000000000000e+00
4.334672033669082936e+00 2.687527767407600798e+00 0.000000000000000000e+00
4.328863223517823933e+00 2.682242156855338955e+00 0.000000000000000000e+00
4.323223304703359027e+00 2.676776695296623210e+00 0.000000000000000000e+00
4.317757843144643282e+00 2.671136776482158748e+00 0.000000000000000000e+00
4.312472232592381438e+00 2.665327966330899745e+00 0.000000000000000000e+00
4.307371689306049412e+00 2.659355997437159669e+00 0.000000000000000000e+00
4.302461246906073455e+00 2.653226763413231382e+00 0.000000000000000000e+00
4.297745751406259807e+00 2.646946313073105461e+00 0.000000000000000000e+00
4.293229856431356239e+00 2.640520844463019934e+00 0.000000000000000000e+00
4.288918018624492845e+00 2.633956698744736702e+00 0.000000000000000000e+00
4.284814493249011313e+00 2.627260353937580728e+00 0.000000000000000000e+00
4.280923329989031245e+00 2.620438418525416591e+00 0.000000000000000000e+00
4.277248368952904833e+00 2.613497624934874697e+00 0.000000000000000000e+00
4.273793236883491886e+00 2.606444822891256230e+00 0.000000000000000000e+00
4.270561343579001523e+00 2.599286972658683581e+00 0.000000000000000000e+00
4.267555878527934610e+00 2.592031138171158045e+00 0.000000000000000000e+00
4.264779807761440722e+00 2.584684480061311351e+00 0.000000000000000000e+00
4.262235870926208925e+00 2.577254248593725983e+00 0.000000000000000000e+00
4.259926578580762069e+00 2.569747776509796466e+00 0.000000000000000000e+00
4.257854209717839566e+00 2.562172471791202888e+00 0.000000000000000000e+00
4.256020809515311143e+00 2.554535810349125136e+00 0.000000000000000000e+00
4.254428187317825127e+00 2.546845328646420548e+00 0.000000000000000000e+00
4.253077914851212782e+00 2.539108616260047580e+00 0.000000000000000000e+00
4.251971324671377950e+00 2.531333308391066073e+00 0.000000000000000000e+00
4.251109508849227225e+00 2.523527078329618867e+00 0.000000000000000000e+00
4.250493317892929390e+00 2.515697629882318598e+00 0.000000000000000000e+00
4.250123359908564602e+00 2.507852689769522581e+00 0.000000000000000000e+00
4.249999999999997335e+00 2.499999999999990674e+00 0.000000000000000000e+00
4.250123359908564602e+00 2.492147310230458768e+00 0.000000000000000000e+00
4.250493317892929390e+00 2.484302370117662750e+00 0.000000000000000000e+00
4.251109508849227225e+00 2.476472921670362481e+00 0.000000000000000000e+00
4.251971324671377950e+00 2.468666691608915276e+00 0.000000000000000000e+00
4.253077914851212782e+00 2.460891383739933769e+00 0.000000000000000000e+00
4.254428187317825127e+00 2.453154671353560357e+00 0.000000000000000000e+00
4.256020809515311143e+00 2.445464189650856213e+00 0.000000000000000000e+00
4.257854209717839566e+00 2.437827528208778016e+00 0.000000000000000000e+00
4.259926578580762069e+00 2.430252223490184882e+00 0.000000000000000000e+00
4.262235870926208925e+00 2.422745751406255366e+00 0.000000000000000000e+00
4.264779807761440722e+00 2.415315519938669553e+00 0.000000000000000000e+00
4.267555878527934610e+00 2.407968861828823304e+00 0.000000000000000000e+00
4.270561343579001523e+00 2.400713027341297767e+00 0.000000000000000000e+00
4.273793236883491886e+00 2.393555177108724674e+00 0.000000000000000000e+00
4.277248368952904833e+00 2.386502375065106207e+00 0.000000000000000000e+00
4.280923329989031245e+00 2.379561581474564758e+00 0.000000000000000000e+00
4.284814493249011313e+00 2.372739646062400620e+00 0.000000000000000000e+00
4.288918018624492845e+00 2.366043301255244646e+00 0.000000000000000000e+00
4.293229856431356239e+00 2.359479155536960970e+00 0.000000000000000000e+00
4.297745751406259807e+00 2.353053686926875887e+00 0.000000000000000000e+00
4.302461246906073455e+00 2.346773236586749967e+00 0.000000000000000000e+00
4.307371689306049412e+00 2.340644002562821679e+00 0.000000000000000000e+00
4.312472232592381438e+00 2.334672033669081603e+00 0.000000000000000000e+00
4.317757843144643282e+00 2.328863223517822156e+00 0.000000000000000000e+00
4.323223304703359027e+00 2.323223304703357694e+00 0.000000000000000000e+00
4.328863223517823933e+00 2.317757843144641949e+00 0.000000000000000000e+00
4.334672033669082936e+00 2.312472232592380106e+00 0.000000000000000000e+00
4.340644002562823012e+00 2.307371689306047635e+00 0.000000000000000000e+00
4.346773236586751743e+00 2.302461246906072123e+00 0.000000000000000000e+00
4.353053686926877219e+00 2.297745751406258030e+00 0.000000000000000000e+00
4.359479155536962303e+00 2.293229856431354907e+00 0.000000000000000000e+00
4.366043301255245979e+00 2.288918018624491513e+00 0.000000000000000000e+00
4.372739646062401953e+00 2.284814493249009537e+00 0.000000000000000000e+00
4.379561581474566090e+00 2.280923329989029469e+00 0.000000000000000000e+00
4.386502375065107984e+00 2.277248368952903501e+00 0.000000000000000000e+00
4.393555177108726006e+00 2.273793236883490554e+00 0.000000000000000000e+00
4.400713027341299544e+00 2.270561343579000191e+00 0.000000000000000000e+00
4.407968861828824636e+00 2.267555878527932833e+00 0.000000000000000000e+00
4.415315519938671329e+00 2.264779807761439390e+00 0.000000000000000000e+00
4.422745751406257142e+00 2.262235870926207593e+00 0.000000000000000000e+00
4.430252223490185770e+00 2.259926578580760292e+00 0.000000000000000000e+00
4.437827528208779349e+00 2.257854209717838234e+00 0.000000000000000000e+00
4.445464189650857989e+00 2.256020809515309367e+00 0.000000000000000000e+00
4.453154671353561689e+00 2.254428187317823795e+00 0.000000000000000000e+00
4.460891383739935101e+00 2.253077914851211450e+00 0.000000000000000000e+00
4.468666691608916608e+00 2.251971324671376617e+00 0.000000000000000000e+00
4.476472921670364258e+00 2.251109508849226337e+00 0.000000000000000000e+00
4.484302370117664083e+00 2.250493317892928058e+00 0.000000000000000000e+00
4.492147310230460100e+00 2.250123359908563270e+00 0.000000000000000000e+00
4.499999999999992006e+00 2.249999999999996003e+00 0.000000000000000000e+00
4.507852689769523913e+00 2.250123359908563270e+00 0.000000000000000000e+00
4.515697629882319930e+00 2.250493317892928058e+00 0.000000000000000000e+00
4.523527078329620643e+00 2.251109508849225893e+00 0.000000000000000000e+00
4.531333308391067405e+00 2.251971324671376617e+00 0.000000000000000000e+00
4.539108616260048912e+00 2.253077914851211450e+00 0.000000000000000000e+00
4.546845328646422324e+00 2.254428187317823795e+00 0.000000000000000000e+00
4.554535810349126912e+00 2.256020809515308922e+00 0.000000000000000000e+00
4.562172471791204664e+00 2.257854209717837790e+00 0.000000000000000000e+00
4.569747776509798243e+00 2.259926578580759848e+00 0.000000000000000000e+00
4.577254248593727759e+00 2.262235870926207149e+00 0.000000000000000000e+00
4.584684480061313572e+00 2.264779807761438946e+00 0.000000000000000000e+00
4.592031138171159377e+00 2.267555878527932389e+00 0.000000000000000000e+00
4.599286972658685357e+00 2.270561343579000191e+00 0.000000000000000000e+00
4.606444822891258006e+00 2.273793236883490110e+00 0.000000000000000000e+00
4.613497624934876029e+00 2.277248368952903057e+00 0.000000000000000000e+00
4.620438418525417923e+00 2.280923329989029025e+00 0.000000000000000000e+00
4.627260353937582060e+00 2.284814493249009093e+00 0.000000000000000000e+00
4.633956698744738034e+00 2.288918018624491069e+00 0.000000000000000000e+00
4.640520844463021710e+00 2.293229856431354463e+00 0.000000000000000000e+00
4.646946313073106793e+00 2.297745751406258030e+00 0.000000000000000000e+00
4.653226763413233158e+00 2.302461246906072123e+00 0.000000000000000000e+00
4.659355997437161001e+00 2.307371689306047191e+00 0.000000000000000000e+00
4.665327966330901077e+00 2.312472232592379662e+00 0.000000000000000000e+00
4.671136776482160080e+00 2.317757843144641505e+00 0.000000000000000000e+00
4.676776695296624986e+00 2.323223304703357250e+00 0.000000000000000000e+00
4.682242156855340731e+00 2.328863223517822156e+00 0.000000000000000000e+00
4.687527767407602575e+00 2.334672033669081159e+00 0.000000000000000000e+00
4.692628310693935489e+00 2.340644002562821679e+00 0.000000000000000000e+00
4.697538753093910557e+00 2.346773236586749967e+00 0.000000000000000000e+00
4.702254248593724206e+00 2.353053686926875443e+00 0.000000000000000000e+00
4.706770143568627773e+00 2.359479155536960970e+00 0.000000000000000000e+00
4.711081981375491168e+00 2.366043301255244202e+00 0.000000000000000000e+00
4.715185506750973587e+00 2.372739646062400620e+00 0.000000000000000000e+00
4.719076670010953656e+00 2.379561581474564314e+00 0.000000000000000000e+00
4.722751631047079179e+00 2.386502375065106207e+00 0.000000000000000000e+00
4.726206763116492127e+00 2.393555177108724674e+00 0.000000000000000000e+00
4.729438656420982490e+00 2.400713027341297767e+00 0.000000000000000000e+00
4.732444121472049403e+00 2.407968861828823304e+00 0.000000000000000000e+00
4.735220192238543291e+00 2.415315519938669553e+00 0.000000000000000000e+00
4.737764129073775088e+00 2.422745751406255366e+00 0.000000000000000000e+00
4.740073421419222832e+00 2.430252223490184882e+00 0.000000000000000000e+00
4.742145790282144446e+00 2.437827528208778016e+00 0.000000000000000000e+00
4.743979190484673758e+00 2.445464189650855769e+00 0.000000000000000000e+00
4.745571812682158885e+00 2.453154671353560357e+00 0.000000000000000000e+00
4.746922085148771231e+00 2.460891383739933769e+00 0.000000000000000000e+00
4.748028675328606063e+00 2.468666691608915276e+00 0.000000000000000000e+00
4.748890491150756787e+00 2.476472921670362481e+00 0.000000000000000000e+00
4.749506682107054623e+00 2.484302370117662750e+00 0.000000000000000000e+00
4.749876640091419411e+00 2.492147310230458768e+00 0.000000000000000000e+00
