1.500000000000000666e+00 8.750000000000003331e-01 0.000000000000000000e+00
1.489876640091433613e+00 8.778526897695324571e-01 0.000000000000000000e+00
1.489506682107068603e+00 8.856976298823286964e-01 0.000000000000000000e+00
1.488890491150770545e+00 8.935270783296288544e-01 0.000000000000000000e+00
1.488028675328620043e+00 9.013333083910763932e-01 0.000000000000000000e+00
1.486922085148784989e+00 9.091086162600580112e-01 0.000000000000000000e+00
1.485571812682172865e+00 9.168453286464315344e-01 0.000000000000000000e+00
1.483979190484687516e+00 9.245358103491360113e-01 0.000000000000000000e+00
1.482145790282158426e+00 9.321724717912139857e-01 0.000000000000000000e+00
1.480073421419236368e+00 9.397477765098076752e-01 0.000000000000000000e+00
1.467764129073789059e+00 9.422542485937371870e-01 0.000000000000000000e+00
1.465220192238557040e+00 9.496844800613232218e-01 0.000000000000000000e+00
1.462444121472063374e+00 9.570311381711698040e-01 0.000000000000000000e+00
1.449438656420995786e+00 9.592869726586954471e-01 0.000000000000000000e+00
1.446206763116505423e+00 9.664448228912685401e-01 0.000000000000000000e+00
1.442751631047092475e+00 9.734976249348870070e-01 0.000000000000000000e+00
1.429076670010966499e+00 9.754384185254291184e-01 0.000000000000000000e+00
1.425185506750986431e+00 9.822603539375931447e-01 0.000000000000000000e+00
1.421081981375504455e+00 9.889566987447494517e-01 0.000000000000000000e+00
1.406770143568641052e+00 9.905208444630329012e-01 0.000000000000000000e+00
1.402254248593737485e+00 9.969463130731186506e-01 0.000000000000000000e+00
1.387538753093923161e+00 9.982267634132443446e-01 0.000000000000000000e+00
1.382628310693947871e+00 1.004355997437172743e+00 0.000000000000000000e+00
1.367527767407615391e+00 1.005327966330913148e+00 0.000000000000000000e+00
1.362242156855353548e+00 1.011136776482172372e+00 0.000000000000000000e+00
1.346776695296637349e+00 1.011776695296637163e+00 0.000000000000000000e+00
1.341136776482172666e+00 1.017242156855353130e+00 0.000000000000000000e+00
1.325327966330913432e+00 1.017527767407615080e+00 0.000000000000000000e+00
1.309355997437172903e+00 1.017628310693947435e+00 0.000000000000000000e+00
1.303226763413244615e+00 1.022538753093922725e+00 0.000000000000000000e+00
1.286946313073118908e+00 1.022254248593737147e+00 0.000000000000000000e+00
1.280520844463033159e+00 1.026770143568640714e+00 0.000000000000000000e+00
1.263956698744749696e+00 1.026081981375503993e+00 0.000000000000000000e+00
1.247260353937593269e+00 1.025185506750986075e+00 0.000000000000000000e+00
1.240438418525429354e+00 1.029076670010966144e+00 0.000000000000000000e+00
1.223497624934887229e+00 1.027751631047092218e+00 0.000000000000000000e+00
1.206444822891268753e+00 1.026206763116505050e+00 0.000000000000000000e+00
1.189286972658695651e+00 1.024438656420995519e+00 0.000000000000000000e+00
1.182031138171169893e+00 1.027444121472063099e+00 0.000000000000000000e+00
1.164684480061323413e+00 1.025220192238556649e+00 0.000000000000000000e+00
1.147254248593737369e+00 1.022764129073788553e+00 0.000000000000000000e+00
1.129747776509807844e+00 1.020073421419235959e+00 0.000000000000000000e+00
1.122172471791214265e+00 1.022145790282158018e+00 0.000000000000000000e+00
1.104535810349136060e+00 1.018979190484686992e+00 0.000000000000000000e+00
1.086845328646431685e+00 1.015571812682172448e+00 0.000000000000000000e+00
1.069108616260058042e+00 1.011922085148784678e+00 0.000000000000000000e+00
1.061333308391076535e+00 1.013028675328619732e+00 0.000000000000000000e+00
1.043527078329628877e+00 1.008890491150770119e+00 0.000000000000000000e+00
1.025697629882328821e+00 1.004506682107068061e+00 0.000000000000000000e+00
1.007852689769532573e+00 9.998766400914331776e-01 0.000000000000000000e+00
1.000000000000000444e+00 1.000000000000000222e+00 0.000000000000000000e+00
9.921473102304683156e-01 9.998766400914331776e-01 0.000000000000000000e+00
9.843023701176720763e-01 9.995066821070681673e-01 0.000000000000000000e+00
9.764729216703718073e-01 9.988904911507702211e-01 0.000000000000000000e+00
9.686666916089243795e-01 9.980286753286196078e-01 0.000000000000000000e+00
9.608913837399426505e-01 9.969220851487846646e-01 0.000000000000000000e+00
9.531546713535692383e-01 9.955718126821724301e-01 0.000000000000000000e+00
9.454641896508647614e-01 9.939791904846870807e-01 0.000000000000000000e+00
9.378275282087867870e-01 9.921457902821579911e-01 0.000000000000000000e+00
9.302522234901930975e-01 9.900734214192359328e-01 0.000000000000000000e+00
9.227457514062635813e-01 9.877641290737886326e-01 0.000000000000000000e+00
9.153155199386775465e-01 9.852201922385566135e-01 0.000000000000000000e+00
9.079688618288309643e-01 9.824441214720630589e-01 0.000000000000000000e+00
9.007130273413053168e-01 9.794386564209955903e-01 0.000000000000000000e+00
8.935551771087322237e-01 9.762067631165051163e-01 0.000000000000000000e+00
8.865023750651137568e-01 9.727516310470921690e-01 0.000000000000000000e+00
8.795615814745715300e-01 9.690766700109660903e-01 0.000000000000000000e+00
8.727396460624076147e-01 9.651855067509861330e-01 0.000000000000000000e+00
8.660433012552511967e-01 9.610819813755039354e-01 0.000000000000000000e+00
8.594791555369677427e-01 9.567701435686406519e-01 0.000000000000000000e+00
8.530536869268822153e-01 9.522542485937370849e-01 0.000000000000000000e+00
8.467732365867564059e-01 9.475387530939228808e-01 0.000000000000000000e+00
8.406440025628280077e-01 9.426283106939474798e-01 0.000000000000000000e+00
8.346720336690874875e-01 9.375277674076151202e-01 0.000000000000000000e+00
8.288632235178282626e-01 9.322421568553530546e-01 0.000000000000000000e+00
8.232233047033635787e-01 9.267766952966370875e-01 0.000000000000000000e+00
8.177578431446476115e-01 9.211367764821724036e-01 0.000000000000000000e+00
8.124722325923855459e-01 9.153279663309131786e-01 0.000000000000000000e+00
8.073716893060531863e-01 9.093559974371726584e-01 0.000000000000000000e+00
8.024612469060777853e-01 9.032267634132442602e-01 0.000000000000000000e+00
7.977457514062635813e-01 8.969463130731185618e-01 0.000000000000000000e+00
7.932298564313599032e-01 8.905208444630328124e-01 0.000000000000000000e+00
7.889180186244966198e-01 8.839566987447493585e-01 0.000000000000000000e+00
7.848144932490145331e-01 8.772603539375929405e-01 0.000000000000000000e+00
7.809233299890345759e-01 8.704384185254291362e-01 0.000000000000000000e+00
7.772483689529084971e-01 8.634976249348869093e-01 0.000000000000000000e+00
7.737932368834955499e-01 8.564448228912684424e-01 0.000000000000000000e+00
7.705613435790051868e-01 8.492869726586953494e-01 0.000000000000000000e+00
7.675558785279376073e-01 8.420311381711698129e-01 0.000000000000000000e+00
7.647798077614440526e-01 8.346844800613230086e-01 0.000000000000000000e+00
7.622358709262120335e-01 8.272542485937370849e-01 0.000000000000000000e+00
7.599265785807646223e-01 8.197477765098074576e-01 0.000000000000000000e+00
7.578542097178426751e-01 8.121724717912138791e-01 0.000000000000000000e+00
7.560208095153135854e-01 8.045358103491357937e-01 0.000000000000000000e+00
7.544281873178282360e-01 7.968453286464313168e-01 0.000000000000000000e+00
7.530779148512160015e-01 7.891086162600580156e-01 0.000000000000000000e+00
7.519713246713809474e-01 7.813333083910763976e-01 0.000000000000000000e+00
7.511095088492304450e-01 7.735270783296288588e-01 0.000000000000000000e+00
7.504933178929324988e-01 7.656976298823285898e-01 0.000000000000000000e+00
7.501233599085674886e-01 7.578526897695322395e-01 0.000000000000000000e+00
7.500000000000004441e-01 7.500000000000002220e-01 0.000000000000000000e+00
7.501233599085674886e-01 7.421473102304682046e-01 0.000000000000000000e+00
7.504933178929324988e-01 7.343023701176718543e-01 0.000000000000000000e+00
7.511095088492304450e-01 7.264729216703716963e-01 0.000000000000000000e+00
7.519713246713809474e-01 7.186666916089241575e-01 0.000000000000000000e+00
7.530779148512160015e-01 7.108913837399425395e-01 0.000000000000000000e+00
7.544281873178282360e-01 7.031546713535690163e-01 0.000000000000000000e+00
7.560208095153135854e-01 6.954641896508645393e-01 0.000000000000000000e+00
7.578542097178426751e-01 6.878275282087864539e-01 0.000000000000000000e+00
7.599265785807646223e-01 6.802522234901928755e-01 0.000000000000000000e+00
7.622358709262120335e-01 6.727457514062632482e-01 0.000000000000000000e+00
7.647798077614440526e-01 6.653155199386773244e-01 0.000000000000000000e+00
7.675558785279376073e-01 6.579688618288306312e-01 0.000000000000000000e+00
7.705613435790051868e-01 6.507130273413049837e-01 0.000000000000000000e+00
7.737932368834955499e-01 6.435551771087320017e-01 0.000000000000000000e+00
7.772483689529084971e-01 6.365023750651134238e-01 0.000000000000000000e+00
7.809233299890344648e-01 6.295615814745714189e-01 0.000000000000000000e+00
7.848144932490144221e-01 6.227396460624075036e-01 0.000000000000000000e+00
7.889180186244966198e-01 6.160433012552510856e-01 0.000000000000000000e+00
7.932298564313599032e-01 6.094791555369676317e-01 0.000000000000000000e+00
7.977457514062635813e-01 6.030536869268819933e-01 0.000000000000000000e+00
8.024612469060777853e-01 5.967732365867561839e-01 0.000000000000000000e+00
8.073716893060530753e-01 5.906440025628277857e-01 0.000000000000000000e+00
8.124722325923855459e-01 5.846720336690872655e-01 0.000000000000000000e+00
8.177578431446475005e-01 5.788632235178280405e-01 0.000000000000000000e+00
8.232233047033634676e-01 5.732233047033633566e-01 0.000000000000000000e+00
8.288632235178281515e-01 5.677578431446473894e-01 0.000000000000000000e+00
8.346720336690874875e-01 5.624722325923853239e-01 0.000000000000000000e+00
8.406440025628280077e-01 5.573716893060528532e-01 0.000000000000000000e+00
8.467732365867562949e-01 5.524612469060775632e-01 0.000000000000000000e+00
8.530536869268821043e-01 5.477457514062633592e-01 0.000000000000000000e+00
8.594791555369677427e-01 5.432298564313597922e-01 0.000000000000000000e+00
8.660433012552513077e-01 5.389180186244963977e-01 0.000000000000000000e+00
8.727396460624076147e-01 5.348144932490143111e-01 0.000000000000000000e+00
8.795615814745716410e-01 5.309233299890343538e-01 0.000000000000000000e+00
8.865023750651136458e-01 5.272483689529082751e-01 0.000000000000000000e+00
8.935551771087323347e-01 5.237932368834952168e-01 0.000000000000000000e+00
9.007130273413053168e-01 5.205613435790048538e-01 0.000000000000000000e+00
9.079688618288309643e-01 5.175558785279373852e-01 0.000000000000000000e+00
9.153155199386775465e-01 5.147798077614438306e-01 0.000000000000000000e+00
9.227457514062635813e-01 5.122358709262118115e-01 0.000000000000000000e+00
9.302522234901929865e-01 5.099265785807645113e-01 0.000000000000000000e+00
9.378275282087865650e-01 5.078542097178424530e-01 0.000000000000000000e+00
9.454641896508646504e-01 5.060208095153133634e-01 0.000000000000000000e+00
9.531546713535692383e-01 5.044281873178280140e-01 0.000000000000000000e+00
9.608913837399426505e-01 5.030779148512157795e-01 0.000000000000000000e+00
9.686666916089242685e-01 5.019713246713807253e-01 0.000000000000000000e+00
9.764729216703716963e-01 5.011095088492302230e-01 0.000000000000000000e+00
9.843023701176720763e-01 5.004933178929322768e-01 0.000000000000000000e+00
9.921473102304683156e-01 5.001233599085672665e-01 0.000000000000000000e+00
1.000000000000000222e+00 5.000000000000002220e-01 0.000000000000000000e+00
1.007852689769532351e+00 5.001233599085672665e-01 0.000000000000000000e+00
1.025697629882328599e+00 5.054933178929322812e-01 0.000000000000000000e+00
1.043527078329629099e+00 5.111095088492302319e-01 0.000000000000000000e+00
1.061333308391076535e+00 5.169713246713807386e-01 0.000000000000000000e+00
1.069108616260058042e+00 5.180779148512157928e-01 0.000000000000000000e+00
1.086845328646431463e+00 5.244281873178280318e-01 0.000000000000000000e+00
1.104535810349136060e+00 5.310208095153133856e-01 0.000000000000000000e+00
1.122172471791214265e+00 5.378542097178424797e-01 0.000000000000000000e+00
1.129747776509807844e+00 5.399265785807644269e-01 0.000000000000000000e+00
1.147254248593737369e+00 5.472358709262118426e-01 0.000000000000000000e+00
1.164684480061323413e+00 5.547798077614438661e-01 0.000000000000000000e+00
1.182031138171170115e+00 5.625558785279374252e-01 0.000000000000000000e+00
1.189286972658695651e+00 5.655613435790050048e-01 0.000000000000000000e+00
1.206444822891268531e+00 5.737932368834953722e-01 0.000000000000000000e+00
1.223497624934887229e+00 5.822483689529082129e-01 0.000000000000000000e+00
1.240438418525429354e+00 5.909233299890344071e-01 0.000000000000000000e+00
1.247260353937593269e+00 5.948144932490142534e-01 0.000000000000000000e+00
1.263956698744749474e+00 6.039180186244963444e-01 0.000000000000000000e+00
1.280520844463033159e+00 6.132298564313598543e-01 0.000000000000000000e+00
1.286946313073118686e+00 6.177457514062634214e-01 0.000000000000000000e+00
1.303226763413244615e+00 6.274612469060776299e-01 0.000000000000000000e+00
1.309355997437172903e+00 6.323716893060529198e-01 0.000000000000000000e+00
1.325327966330913432e+00 6.424722325923853949e-01 0.000000000000000000e+00
1.341136776482172666e+00 6.527578431446473539e-01 0.000000000000000000e+00
1.346776695296637349e+00 6.582233047033633211e-01 0.000000000000000000e+00
1.362242156855353326e+00 6.688632235178280094e-01 0.000000000000000000e+00
1.367527767407615391e+00 6.746720336690872344e-01 0.000000000000000000e+00
1.382628310693947871e+00 6.856440025628278701e-01 0.000000000000000000e+00
1.387538753093923161e+00 6.917732365867561573e-01 0.000000000000000000e+00
1.402254248593737485e+00 7.030536869268819711e-01 0.000000000000000000e+00
1.406770143568641052e+00 7.094791555369676095e-01 0.000000000000000000e+00
1.421081981375504455e+00 7.210433012552511789e-01 0.000000000000000000e+00
1.425185506750986431e+00 7.277396460624074859e-01 0.000000000000000000e+00
1.429076670010966499e+00 7.345615814745715122e-01 0.000000000000000000e+00
1.442751631047092475e+00 7.465023750651135215e-01 0.000000000000000000e+00
1.446206763116505423e+00 7.535551771087322104e-01 0.000000000000000000e+00
1.449438656420996008e+00 7.607130273413051924e-01 0.000000000000000000e+00
1.462444121472063374e+00 7.729688618288308444e-01 0.000000000000000000e+00
1.465220192238557040e+00 7.803155199386774266e-01 0.000000000000000000e+00
1.467764129073789059e+00 7.877457514062633503e-01 0.000000000000000000e+00
1.480073421419236368e+00 8.002522234901930931e-01 0.000000000000000000e+00
1.482145790282158426e+00 8.078275282087864495e-01 0.000000000000000000e+00
1.483979190484687516e+00 8.154641896508644239e-01 0.000000000000000000e+00
1.485571812682172865e+00 8.231546713535691229e-01 0.000000000000000000e+00
1.486922085148784989e+00 8.308913837399425351e-01 0.000000000000000000e+00
1.488028675328620043e+00 8.386666916089241530e-01 0.000000000000000000e+00
1.488890491150770545e+00 8.464729216703715808e-01 0.000000000000000000e+00
1.489506682107068603e+00 8.543023701176719609e-01 0.000000000000000000e+00
1.489876640091433613e+00 8.621473102304682001e-01 0.000000000000000000e+00
